a[0] = -1.984314 
a[1] = -0.230168 
a[2] = 0.368398 
a[3] = 0.217434 
a[4] = 0.153579 
a[5] = 0.170927 
a[6] = -0.043524 
a[7] = -0.952385 
a[8] = -0.868598 
a[9] = 0.926363 
a[10] = 0.182369 
a[11] = -0.570976 
a[12] = -0.308050 
a[13] = 0.902248 
a[14] = -0.591769 
a[15] = -0.780136 
a[16] = -0.810526 
a[17] = 0.980499 
a[18] = 0.027837 
a[19] = 0.309957 
a[20] = -0.990157 
a[21] = 0.027222 
a[22] = 0.403340 
a[23] = 0.557504 
a[24] = 0.538925 
a[25] = 0.940143 
a[26] = 0.912706 
a[27] = -0.163483 
a[28] = -0.884839 
a[29] = 0.569561 
a[30] = -0.081911 
a[31] = 0.036818 
a[32] = 0.156039 
a[33] = -0.202608 
a[34] = -0.186737 
a[35] = -0.983390 
a[36] = -0.643198 
a[37] = -0.494448 
a[38] = 0.976193 
a[39] = 0.681523 
a[40] = -0.951278 
a[41] = 0.575959 
a[42] = -0.246778 
a[43] = 0.873950 
a[44] = -0.327735 
a[45] = -0.141091 
a[46] = 0.553936 
a[47] = -0.532097 
a[48] = 0.240688 
a[49] = 0.252130 
a[50] = -0.275322 
a[51] = 0.369014 
a[52] = 0.124050 
a[53] = 0.621728 
a[54] = -0.340777 
a[55] = -0.580327 
a[56] = 0.708222 
a[57] = -0.166190 
a[58] = 0.735536 
a[59] = 0.525514 
a[60] = -0.652548 
a[61] = 0.786103 
a[62] = -0.700040 
a[63] = -0.471071 
a[64] = -0.556581 
a[65] = 0.328904 
a[66] = -0.237919 
a[67] = 0.335548 
a[68] = 0.366184 
a[69] = -0.655870 
a[70] = 0.484052 
a[71] = 0.803574 
a[72] = -0.530005 
a[73] = 0.729507 
a[74] = -0.171973 
a[75] = 0.807019 
a[76] = 0.156532 
a[77] = -0.680477 
a[78] = 0.187783 
a[79] = 0.219895 
a[80] = -0.219956 
a[81] = 0.027714 
a[82] = -0.074529 
a[83] = 0.932023 
a[84] = -0.273600 
a[85] = -0.295623 
a[86] = -0.580942 
a[87] = 0.801606 
a[88] = -0.634339 
a[89] = -0.768571 
a[90] = -0.953493 
a[91] = -0.297346 
a[92] = 0.083695 
a[93] = -0.509212 
a[94] = -0.814217 
a[95] = -0.475008 
a[96] = -0.765249 
a[97] = -0.651441 
a[98] = 0.214850 
a[99] = 0.142629 
a[100] = -0.379822 
a[101] = -2.181046 
a[102] = 0.386980 
a[103] = -0.571219 
a[104] = 0.332826 
a[105] = -0.601850 
a[106] = 0.377672 
a[107] = -0.536301 
a[108] = -0.641225 
a[109] = -0.812659 
a[110] = 0.264455 
a[111] = -0.391832 
a[112] = -0.107068 
a[113] = 0.122412 
a[114] = 0.676426 
a[115] = 0.120551 
a[116] = -0.011057 
a[117] = -0.815818 
a[118] = -0.293394 
a[119] = 0.557116 
a[120] = 0.666328 
a[121] = -0.793535 
a[122] = -0.181926 
a[123] = -0.657754 
a[124] = -0.723360 
a[125] = 0.486997 
a[126] = -0.545101 
a[127] = 0.051221 
a[128] = -0.273481 
a[129] = 0.708693 
a[130] = -0.753822 
a[131] = 0.406329 
a[132] = 0.499408 
a[133] = 0.520336 
a[134] = -0.881085 
a[135] = 0.665933 
a[136] = 0.312630 
a[137] = 0.570711 
a[138] = -0.648841 
a[139] = 0.035257 
a[140] = 0.730750 
a[141] = -0.325379 
a[142] = 0.923055 
a[143] = -0.876290 
a[144] = 0.394257 
a[145] = -0.817059 
a[146] = -0.257404 
a[147] = -0.327410 
a[148] = 0.361088 
a[149] = -0.606589 
a[150] = 0.457889 
a[151] = -0.946861 
a[152] = 0.167823 
a[153] = -0.528121 
a[154] = -0.672026 
a[155] = -0.291251 
a[156] = -0.244994 
a[157] = 0.418176 
a[158] = 0.298866 
a[159] = -0.989338 
a[160] = 0.413211 
a[161] = 0.696057 
a[162] = 0.682744 
a[163] = -0.597732 
a[164] = -0.426017 
a[165] = -0.177582 
a[166] = 0.055565 
a[167] = 0.088791 
a[168] = -0.313138 
a[169] = 0.280025 
a[170] = -0.953574 
a[171] = -0.505387 
a[172] = 0.639477 
a[173] = 0.532634 
a[174] = 0.118407 
a[175] = -0.638969 
a[176] = -0.567665 
a[177] = 0.448186 
a[178] = -0.469453 
a[179] = -0.404637 
a[180] = -0.378970 
a[181] = -0.026626 
a[182] = -0.254076 
a[183] = -0.246122 
a[184] = 0.391098 
a[185] = 0.459074 
a[186] = -0.791392 
a[187] = 0.094940 
a[188] = -0.554860 
a[189] = 0.720088 
a[190] = 0.030631 
a[191] = 0.525865 
a[192] = -0.363344 
a[193] = -0.428781 
a[194] = 0.656061 
a[195] = 0.602922 
a[196] = 0.853275 
a[197] = -0.153720 
a[198] = -0.471033 
a[199] = 0.233429 
